10001
43215
30303
11554
02143
10010
10013
10004
10002
10011
01543
10023
11201
14530
20011
10024
11212
10025
10003
20001
11220
21215
11101
30022
33132
32210
21043
20002
10021
11215
11235
11211
10022
02155
21224
10005
11221
30004
21230
30331
23225
10314
11413
21234
30040
32244
40245
11203
30024
33025
11432
33311
02421
11234
33023
10453
30043
22030
11434
10032
11213
30305
11214
11355
33313
30324
30032
10452
10014
11205
33125
11223
21044
33321
33312
10312
30005
11222
02124
33021
11230
11204
22304
22003
55123
11435
33411
10012
22314
20110
06614
60453
43119
92677
02143
03103
15009
55124
95020
11385
02113
19002
07920
56308
15235
44121
92335
78753
52402
98445
97841
34608
02021
33130
98661
19072
08690